name: FaceNet
channels:
  - anaconda
  - conda-forge
  - defaults
dependencies:
  - atomicwrites=1.4.0=py_0
  - attrs=21.4.0=pyhd3eb1b0_0
  - backports=1.1=pyhd3eb1b0_0
  - backports.weakref=1.0rc1=py36_1
  - blas=1.0=mkl
  - bleach=1.5.0=py36_0
  - ca-certificates=2022.07.19=haa95532_0
  - certifi=2021.5.30=py36haa95532_0
  - colorama=0.4.4=pyhd3eb1b0_0
  - contextlib2=0.6.0.post1=pyhd3eb1b0_0
  - dataclasses=0.8=pyh4f3eec9_6
  - execnet=1.9.0=pyhd3eb1b0_0
  - freeglut=3.0.0=h6538335_5
  - freetype=2.10.4=hd328e21_0
  - html5lib=0.9999999=py36_0
  - icc_rt=2022.1.0=h6049295_1
  - icu=68.1=h6c2663c_0
  - importlib-metadata=4.8.1=py36haa95532_0
  - importlib_metadata=4.8.1=hd3eb1b0_0
  - iniconfig=1.1.1=pyhd3eb1b0_0
  - intel-openmp=2022.1.0=h59b6b97_3788
  - jasper=2.0.14=hea7d32e_2
  - joblib=1.0.1=pyhd3eb1b0_0
  - jpeg=9e=h2bbff1b_0
  - lerc=3.0=hd77b12b_0
  - libblas=3.8.0=20_mkl
  - libcblas=3.8.0=20_mkl
  - libclang=11.1.0=default_h5c34c98_1
  - libdeflate=1.8=h2bbff1b_5
  - liblapack=3.8.0=20_mkl
  - liblapacke=3.8.0=20_mkl
  - libopencv=4.5.3=py36h530cdb0_2
  - libpng=1.6.37=h2a8f88b_0
  - libprotobuf=3.16.0=h7755175_0
  - libtiff=4.4.0=h8a3f274_0
  - libwebp-base=1.2.2=h2bbff1b_0
  - lz4-c=1.9.3=h2bbff1b_1
  - markdown=3.3.4=py36haa95532_0
  - mkl=2020.2=256
  - mkl-service=2.3.0=py36h196d8e1_0
  - mkl_fft=1.3.0=py36h46781fe_0
  - mkl_random=1.1.1=py36h47e9c7a_0
  - mock=4.0.3=pyhd3eb1b0_0
  - more-itertools=8.12.0=pyhd3eb1b0_0
  - olefile=0.46=py36_0
  - opencv=4.5.3=py36ha15d459_2
  - openssl=1.1.1q=h2bbff1b_0
  - packaging=21.3=pyhd3eb1b0_0
  - path=16.2.0=pyhd3eb1b0_0
  - path.py=12.5.0=hd3eb1b0_0
  - pillow=8.3.1=py36h4fa10fc_0
  - pip=21.2.2=py36haa95532_0
  - pluggy=0.13.1=py36haa95532_0
  - protobuf=3.16.0=py36he2d232f_0
  - py=1.11.0=pyhd3eb1b0_0
  - py-opencv=4.5.3=py36h5098b23_2
  - pyparsing=3.0.4=pyhd3eb1b0_0
  - pytest=6.2.4=py36haa95532_2
  - pytest-shutil=1.7.0=pyhd8ed1ab_1
  - python=3.6.13=h3758d61_0
  - python_abi=3.6=2_cp36m
  - qt=5.12.9=h5909a2a_4
  - scikit-learn=0.24.2=py36hf11a4ad_1
  - scipy=1.5.2=py36h9439919_0
  - setuptools=58.0.4=py36haa95532_0
  - six=1.16.0=pyhd3eb1b0_1
  - sqlite=3.39.2=h2bbff1b_0
  - termcolor=1.1.0=py36haa95532_1
  - threadpoolctl=2.2.0=pyh0d69192_0
  - tk=8.6.12=h2bbff1b_0
  - toml=0.10.2=pyhd3eb1b0_0
  - typing_extensions=4.1.1=pyh06a4308_0
  - vc=14.2=h21ff451_1
  - vs2015_runtime=14.27.29016=h5e58377_2
  - webencodings=0.5.1=py36_1
  - werkzeug=2.0.3=pyhd3eb1b0_0
  - wheel=0.37.1=pyhd3eb1b0_0
  - wincertstore=0.2=py36h7fe50ca_0
  - xz=5.2.6=h8cc25b3_0
  - zipp=3.6.0=pyhd3eb1b0_0
  - zlib=1.2.12=h8cc25b3_3
  - zstd=1.5.2=h19a0ad4_0
  - pip:
    - absl-py==1.2.0
    - astor==0.8.1
    - cached-property==1.5.2
    - gast==0.2.2
    - google-pasta==0.2.0
    - grpcio==1.48.2
    - h5py==3.1.0
    - keras==2.3.1
    - keras-applications==1.0.8
    - keras-preprocessing==1.1.2
    - mtcnn==0.1.1
    - numpy==1.19.5
    - opencv-python==4.6.0.66
    - opt-einsum==3.3.0
    - pyyaml==6.0
    - tensorboard==1.15.0
    - tensorflow==1.15.0
    - tensorflow-estimator==1.15.1
    - tensorflow-tensorboard==0.1.8
    - wrapt==1.14.1
prefix: C:\Users\giorg\anaconda3\envs\FaceNet
